0.0000000 0.2205839
0.0000250 0.0652870
0.0000500 -0.0916176
0.0000750 -0.2462661
0.0001000 -0.3948508
0.0001250 -0.5337130
0.0001500 -0.6594333
0.0001750 -0.7689163
0.0002000 -0.8594659
0.0002250 -0.9288527
0.0002500 -0.9753680
0.0002750 -0.9978665
0.0003000 -0.9957943
0.0003250 -0.9692023
0.0003500 -0.9187453
0.0003750 -0.8456657
0.0004000 -0.7517631
0.0004250 -0.6393495
0.0004500 -0.5111931
0.0004750 -0.3704493
0.0005000 -0.2205839
0.0005250 -0.0652870
0.0005500 0.0916175
0.0005750 0.2462661
0.0006000 0.3948508
0.0006250 0.5337129
0.0006500 0.6594333
0.0006750 0.7689162
0.0007000 0.8594659
0.0007250 0.9288527
0.0007500 0.9753680
0.0007750 0.9978665
0.0008000 0.9957943
0.0008250 0.9692023
0.0008500 0.9187453
0.0008750 0.8456657
0.0009000 0.7517631
0.0009250 0.6393496
0.0009500 0.5111931
0.0009750 0.3704494
0.0010000 0.2205840
0.0010250 0.0652871
0.0010500 -0.0916174
0.0010750 -0.2462660
0.0011000 -0.3948507
0.0011250 -0.5337129
0.0011500 -0.6594333
0.0011750 -0.7689162
0.0012000 -0.8594659
0.0012250 -0.9288526
0.0012500 -0.9753680
0.0012750 -0.9978665
0.0013000 -0.9957943
0.0013250 -0.9692023
0.0013500 -0.9187453
0.0013750 -0.8456658
0.0014000 -0.7517631
0.0014250 -0.6393496
0.0014500 -0.5111932
0.0014750 -0.3704494
0.0015000 -0.2205840
0.0015250 -0.0652871
0.0015500 0.0916174
0.0015750 0.2462660
0.0016000 0.3948507
0.0016250 0.5337128
0.0016500 0.6594332
0.0016750 0.7689162
0.0017000 0.8594658
0.0017250 0.9288526
0.0017500 0.9753680
0.0017750 0.9978665
0.0018000 0.9957943
0.0018250 0.9692023
0.0018500 0.9187453
0.0018750 0.8456658
0.0019000 0.7517632
0.0019250 0.6393496
0.0019500 0.5111932
0.0019750 0.3704495
0.0020000 0.2205841
0.0020250 0.0652872
0.0020500 -0.0916173
0.0020750 -0.2462659
0.0021000 -0.3948506
0.0021250 -0.5337128
0.0021500 -0.6594332
0.0021750 -0.7689161
0.0022000 -0.8594658
0.0022250 -0.9288526
0.0022500 -0.9753680
0.0022750 -0.9978665
0.0023000 -0.9957943
0.0023250 -0.9692023
0.0023500 -0.9187453
0.0023750 -0.8456658
0.0024000 -0.7517632
0.0024250 -0.6393497
0.0024500 -0.5111932
0.0024750 -0.3704495
0.0025000 -0.2205841
0.0025250 -0.0652872
0.0025500 0.0916173
0.0025750 0.2462659
0.0026000 0.3948506
0.0026250 0.5337127
0.0026500 0.6594331
0.0026750 0.7689161
0.0027000 0.8594658
0.0027250 0.9288526
0.0027500 0.9753679
0.0027750 0.9978665
0.0028000 0.9957943
0.0028250 0.9692023
0.0028500 0.9187454
0.0028750 0.8456659
0.0029000 0.7517632
0.0029250 0.6393497
0.0029500 0.5111933
0.0029750 0.3704496
0.0030000 0.2205842
0.0030250 0.0652873
0.0030500 -0.0916172
0.0030750 -0.2462658
0.0031000 -0.3948505
0.0031250 -0.5337127
0.0031500 -0.6594331
0.0031750 -0.7689161
0.0032000 -0.8594658
0.0032250 -0.9288526
0.0032500 -0.9753679
0.0032750 -0.9978665
0.0033000 -0.9957943
0.0033250 -0.9692023
0.0033500 -0.9187454
0.0033750 -0.8456659
0.0034000 -0.7517633
0.0034250 -0.6393498
0.0034500 -0.5111933
0.0034750 -0.3704496
0.0035000 -0.2205842
0.0035250 -0.0652873
0.0035500 0.0916172
0.0035750 0.2462658
0.0036000 0.3948505
0.0036250 0.5337126
0.0036500 0.6594331
0.0036750 0.7689160
0.0037000 0.8594657
0.0037250 0.9288525
0.0037500 0.9753679
0.0037750 0.9978665
0.0038000 0.9957943
0.0038250 0.9692023
0.0038500 0.9187454
0.0038750 0.8456659
0.0039000 0.7517633
0.0039250 0.6393498
0.0039500 0.5111934
0.0039750 0.3704497
0.0040000 0.2205843
0.0040250 0.0652874
0.0040500 -0.0916171
0.0040750 -0.2462657
0.0041000 -0.3948504
0.0041250 -0.5337126
0.0041500 -0.6594330
0.0041750 -0.7689160
0.0042000 -0.8594657
0.0042250 -0.9288525
0.0042500 -0.9753679
0.0042750 -0.9978665
0.0043000 -0.9957943
0.0043250 -0.9692024
0.0043500 -0.9187454
0.0043750 -0.8456659
0.0044000 -0.7517633
0.0044250 -0.6393498
0.0044500 -0.5111934
0.0044750 -0.3704497
0.0045000 -0.2205843
0.0045250 -0.0652874
0.0045500 0.0916171
0.0045750 0.2462657
0.0046000 0.3948504
0.0046250 0.5337126
0.0046500 0.6594330
0.0046750 0.7689160
0.0047000 0.8594657
0.0047250 0.9288525
0.0047500 0.9753679
0.0047750 0.9978665
0.0048000 0.9957943
0.0048250 0.9692024
0.0048500 0.9187455
0.0048750 0.8456660
0.0049000 0.7517634
0.0049250 0.6393499
0.0049500 0.5111935
0.0049750 0.3704498
0.0050000 0.2205841
0.0050250 0.1589050
0.0050500 0.0965987
0.0050750 0.0339112
0.0051000 -0.0289101
0.0051250 -0.0916173
0.0051500 -0.1539630
0.0051750 -0.2157010
0.0052000 -0.2765878
0.0052250 -0.3363830
0.0052500 -0.3948506
0.0052750 -0.4517600
0.0053000 -0.5068864
0.0053250 -0.5600124
0.0053500 -0.6109283
0.0053750 -0.6594332
0.0054000 -0.7053355
0.0054250 -0.7484543
0.0054500 -0.7886192
0.0054750 -0.8256718
0.0055000 -0.8594658
0.0055250 -0.8898679
0.0055500 -0.9167582
0.0055750 -0.9400304
0.0056000 -0.9595927
0.0056250 -0.9753680
0.0056500 -0.9872939
0.0056750 -0.9953234
0.0057000 -0.9994248
0.0057250 -0.9995820
0.0057500 -0.9957943
0.0057750 -0.9880766
0.0058000 -0.9764595
0.0058250 -0.9609887
0.0058500 -0.9417253
0.0058750 -0.9187453
0.0059000 -0.8921395
0.0059250 -0.8620129
0.0059500 -0.8284842
0.0059750 -0.7916859
0.0060000 -0.7517632
0.0060250 -0.7088736
0.0060500 -0.6631864
0.0060750 -0.6148820
0.0061000 -0.5641508
0.0061250 -0.5111932
0.0061500 -0.4562182
0.0061750 -0.3994427
0.0062000 -0.3410908
0.0062250 -0.2813927
0.0062500 -0.2205841
0.0062750 -0.1589050
0.0063000 -0.0965987
0.0063250 -0.0339113
0.0063500 0.0289101
0.0063750 0.0916173
0.0064000 0.1539629
0.0064250 0.2157010
0.0064500 0.2765877
0.0064750 0.3363829
0.0065000 0.3948506
0.0065250 0.4517599
0.0065500 0.5068864
0.0065750 0.5600124
0.0066000 0.6109283
0.0066250 0.6594331
0.0066500 0.7053355
0.0066750 0.7484542
0.0067000 0.7886191
0.0067250 0.8256717
0.0067500 0.8594658
0.0067750 0.8898679
0.0068000 0.9167581
0.0068250 0.9400304
0.0068500 0.9595927
0.0068750 0.9753679
0.0069000 0.9872939
0.0069250 0.9953234
0.0069500 0.9994248
0.0069750 0.9995820
0.0070000 0.9957943
0.0070250 0.9880766
0.0070500 0.9764595
0.0070750 0.9609887
0.0071000 0.9417253
0.0071250 0.9187454
0.0071500 0.8921396
0.0071750 0.8620129
0.0072000 0.8284842
0.0072250 0.7916860
0.0072500 0.7517632
0.0072750 0.7088737
0.0073000 0.6631865
0.0073250 0.6148820
0.0073500 0.5641509
0.0073750 0.5111933
0.0074000 0.4562183
0.0074250 0.3994428
0.0074500 0.3410908
0.0074750 0.2813928
0.0075000 0.2205842
0.0075250 0.1589051
0.0075500 0.0965988
0.0075750 0.0339113
0.0076000 -0.0289100
0.0076250 -0.0916172
0.0076500 -0.1539629
0.0076750 -0.2157009
0.0077000 -0.2765877
0.0077250 -0.3363829
0.0077500 -0.3948505
0.0077750 -0.4517599
0.0078000 -0.5068863
0.0078250 -0.5600123
0.0078500 -0.6109282
0.0078750 -0.6594331
0.0079000 -0.7053355
0.0079250 -0.7484542
0.0079500 -0.7886191
0.0079750 -0.8256717
0.0080000 -0.8594658
0.0080250 -0.8898679
0.0080500 -0.9167581
0.0080750 -0.9400303
0.0081000 -0.9595927
0.0081250 -0.9753679
0.0081500 -0.9872939
0.0081750 -0.9953234
0.0082000 -0.9994248
0.0082250 -0.9995820
0.0082500 -0.9957943
0.0082750 -0.9880766
0.0083000 -0.9764595
0.0083250 -0.9609887
0.0083500 -0.9417253
0.0083750 -0.9187454
0.0084000 -0.8921396
0.0084250 -0.8620129
0.0084500 -0.8284843
0.0084750 -0.7916860
0.0085000 -0.7517633
0.0085250 -0.7088737
0.0085500 -0.6631865
0.0085750 -0.6148820
0.0086000 -0.5641509
0.0086250 -0.5111933
0.0086500 -0.4562183
0.0086750 -0.3994428
0.0087000 -0.3410909
0.0087250 -0.2813928
0.0087500 -0.2205842
0.0087750 -0.1589051
0.0088000 -0.0965989
0.0088250 -0.0339114
0.0088500 0.0289100
0.0088750 0.0916172
0.0089000 0.1539628
0.0089250 0.2157009
0.0089500 0.2765876
0.0089750 0.3363828
0.0090000 0.3948505
0.0090250 0.4517598
0.0090500 0.5068863
0.0090750 0.5600123
0.0091000 0.6109282
0.0091250 0.6594331
0.0091500 0.7053354
0.0091750 0.7484541
0.0092000 0.7886191
0.0092250 0.8256717
0.0092500 0.8594657
0.0092750 0.8898679
0.0093000 0.9167581
0.0093250 0.9400303
0.0093500 0.9595927
0.0093750 0.9753679
0.0094000 0.9872939
0.0094250 0.9953234
0.0094500 0.9994248
0.0094750 0.9995820
0.0095000 0.9957943
0.0095250 0.9880766
0.0095500 0.9764595
0.0095750 0.9609887
0.0096000 0.9417253
0.0096250 0.9187454
0.0096500 0.8921396
0.0096750 0.8620129
0.0097000 0.8284843
0.0097250 0.7916860
0.0097500 0.7517633
0.0097750 0.7088737
0.0098000 0.6631866
0.0098250 0.6148821
0.0098500 0.5641510
0.0098750 0.5111934
0.0099000 0.4562184
0.0099250 0.3994429
0.0099500 0.3410909
0.0099750 0.2813929
0.0100000 0.2205849
0.0100250 0.0652880
0.0100500 -0.0916165
0.0100750 -0.2462651
0.0101000 -0.3948498
0.0101250 -0.5337121
0.0101500 -0.6594325
0.0101750 -0.7689156
0.0102000 -0.8594654
0.0102250 -0.9288523
0.0102500 -0.9753678
0.0102750 -0.9978665
0.0103000 -0.9957944
0.0103250 -0.9692025
0.0103500 -0.9187457
0.0103750 -0.8456663
0.0104000 -0.7517638
0.0104250 -0.6393503
0.0104500 -0.5111940
0.0104750 -0.3704503
0.0105000 -0.2205850
0.0105250 -0.0652881
0.0105500 0.0916164
0.0105750 0.2462650
0.0106000 0.3948498
0.0106250 0.5337120
0.0106500 0.6594325
0.0106750 0.7689155
0.0107000 0.8594653
0.0107250 0.9288523
0.0107500 0.9753678
0.0107750 0.9978665
0.0108000 0.9957944
0.0108250 0.9692025
0.0108500 0.9187457
0.0108750 0.8456663
0.0109000 0.7517638
0.0109250 0.6393504
0.0109500 0.5111940
0.0109750 0.3704504
0.0110000 0.2205850
0.0110250 0.0652881
0.0110500 -0.0916164
0.0110750 -0.2462650
0.0111000 -0.3948497
0.0111250 -0.5337120
0.0111500 -0.6594324
0.0111750 -0.7689155
0.0112000 -0.8594653
0.0112250 -0.9288522
0.0112500 -0.9753677
0.0112750 -0.9978665
0.0113000 -0.9957944
0.0113250 -0.9692025
0.0113500 -0.9187457
0.0113750 -0.8456663
0.0114000 -0.7517638
0.0114250 -0.6393504
0.0114500 -0.5111941
0.0114750 -0.3704504
0.0115000 -0.2205851
0.0115250 -0.0652882
0.0115500 0.0916163
0.0115750 0.2462649
0.0116000 0.3948497
0.0116250 0.5337119
0.0116500 0.6594324
0.0116750 0.7689155
0.0117000 0.8594653
0.0117250 0.9288522
0.0117500 0.9753677
0.0117750 0.9978664
0.0118000 0.9957944
0.0118250 0.9692026
0.0118500 0.9187457
0.0118750 0.8456664
0.0119000 0.7517639
0.0119250 0.6393505
0.0119500 0.5111941
0.0119750 0.3704505
0.0120000 0.2205851
0.0120250 0.0652882
0.0120500 -0.0916163
0.0120750 -0.2462649
0.0121000 -0.3948496
0.0121250 -0.5337119
0.0121500 -0.6594324
0.0121750 -0.7689154
0.0122000 -0.8594653
0.0122250 -0.9288522
0.0122500 -0.9753677
0.0122750 -0.9978664
0.0123000 -0.9957944
0.0123250 -0.9692026
0.0123500 -0.9187458
0.0123750 -0.8456664
0.0124000 -0.7517639
0.0124250 -0.6393505
0.0124500 -0.5111942
0.0124750 -0.3704505
0.0125000 -0.2205852
0.0125250 -0.0652883
0.0125500 0.0916162
0.0125750 0.2462648
0.0126000 0.3948496
0.0126250 0.5337118
0.0126500 0.6594323
0.0126750 0.7689154
0.0127000 0.8594652
0.0127250 0.9288522
0.0127500 0.9753677
0.0127750 0.9978664
0.0128000 0.9957944
0.0128250 0.9692026
0.0128500 0.9187458
0.0128750 0.8456664
0.0129000 0.7517639
0.0129250 0.6393505
0.0129500 0.5111942
0.0129750 0.3704506
0.0130000 0.2205852
0.0130250 0.0652883
0.0130500 -0.0916162
0.0130750 -0.2462648
0.0131000 -0.3948495
0.0131250 -0.5337118
0.0131500 -0.6594323
0.0131750 -0.7689154
0.0132000 -0.8594652
0.0132250 -0.9288522
0.0132500 -0.9753677
0.0132750 -0.9978664
0.0133000 -0.9957944
0.0133250 -0.9692026
0.0133500 -0.9187458
0.0133750 -0.8456665
0.0134000 -0.7517640
0.0134250 -0.6393506
0.0134500 -0.5111943
0.0134750 -0.3704506
0.0135000 -0.2205853
0.0135250 -0.0652884
0.0135500 0.0916161
0.0135750 0.2462647
0.0136000 0.3948495
0.0136250 0.5337117
0.0136500 0.6594322
0.0136750 0.7689153
0.0137000 0.8594652
0.0137250 0.9288521
0.0137500 0.9753677
0.0137750 0.9978664
0.0138000 0.9957944
0.0138250 0.9692026
0.0138500 0.9187458
0.0138750 0.8456665
0.0139000 0.7517640
0.0139250 0.6393506
0.0139500 0.5111943
0.0139750 0.3704507
0.0140000 0.2205853
0.0140250 0.0652885
0.0140500 -0.0916161
0.0140750 -0.2462647
0.0141000 -0.3948494
0.0141250 -0.5337117
0.0141500 -0.6594322
0.0141750 -0.7689153
0.0142000 -0.8594652
0.0142250 -0.9288521
0.0142500 -0.9753677
0.0142750 -0.9978664
0.0143000 -0.9957944
0.0143250 -0.9692026
0.0143500 -0.9187459
0.0143750 -0.8456665
0.0144000 -0.7517641
0.0144250 -0.6393507
0.0144500 -0.5111944
0.0144750 -0.3704507
0.0145000 -0.2205854
0.0145250 -0.0652885
0.0145500 0.0916160
0.0145750 0.2462646
0.0146000 0.3948494
0.0146250 0.5337117
0.0146500 0.6594322
0.0146750 0.7689153
0.0147000 0.8594651
0.0147250 0.9288521
0.0147500 0.9753677
0.0147750 0.9978664
0.0148000 0.9957944
0.0148250 0.9692026
0.0148500 0.9187459
0.0148750 0.8456665
0.0149000 0.7517641
0.0149250 0.6393507
0.0149500 0.5111944
0.0149750 0.3704508
0.0150000 0.2205845
0.0150250 0.1589054
0.0150500 0.0965991
0.0150750 0.0339116
0.0151000 -0.0289097
0.0151250 -0.0916169
0.0151500 -0.1539626
0.0151750 -0.2157006
0.0152000 -0.2765874
0.0152250 -0.3363826
0.0152500 -0.3948502
0.0152750 -0.4517596
0.0153000 -0.5068861
0.0153250 -0.5600121
0.0153500 -0.6109280
0.0153750 -0.6594329
0.0154000 -0.7053352
0.0154250 -0.7484540
0.0154500 -0.7886189
0.0154750 -0.8256715
0.0155000 -0.8594656
0.0155250 -0.8898677
0.0155500 -0.9167580
0.0155750 -0.9400302
0.0156000 -0.9595926
0.0156250 -0.9753679
0.0156500 -0.9872938
0.0156750 -0.9953234
0.0157000 -0.9994248
0.0157250 -0.9995820
0.0157500 -0.9957943
0.0157750 -0.9880767
0.0158000 -0.9764596
0.0158250 -0.9609888
0.0158500 -0.9417254
0.0158750 -0.9187455
0.0159000 -0.8921397
0.0159250 -0.8620131
0.0159500 -0.8284845
0.0159750 -0.7916862
0.0160000 -0.7517635
0.0160250 -0.7088739
0.0160500 -0.6631868
0.0160750 -0.6148823
0.0161000 -0.5641512
0.0161250 -0.5111936
0.0161500 -0.4562186
0.0161750 -0.3994431
0.0162000 -0.3410912
0.0162250 -0.2813931
0.0162500 -0.2205846
0.0162750 -0.1589054
0.0163000 -0.0965992
0.0163250 -0.0339117
0.0163500 0.0289096
0.0163750 0.0916169
0.0164000 0.1539625
0.0164250 0.2157006
0.0164500 0.2765873
0.0164750 0.3363825
0.0165000 0.3948502
0.0165250 0.4517595
0.0165500 0.5068860
0.0165750 0.5600120
0.0166000 0.6109279
0.0166250 0.6594328
0.0166500 0.7053352
0.0166750 0.7484539
0.0167000 0.7886189
0.0167250 0.8256715
0.0167500 0.8594656
0.0167750 0.8898677
0.0168000 0.9167580
0.0168250 0.9400302
0.0168500 0.9595926
0.0168750 0.9753678
0.0169000 0.9872938
0.0169250 0.9953234
0.0169500 0.9994248
0.0169750 0.9995820
0.0170000 0.9957943
0.0170250 0.9880767
0.0170500 0.9764596
0.0170750 0.9609888
0.0171000 0.9417254
0.0171250 0.9187455
0.0171500 0.8921398
0.0171750 0.8620131
0.0172000 0.8284845
0.0172250 0.7916862
0.0172500 0.7517635
0.0172750 0.7088740
0.0173000 0.6631868
0.0173250 0.6148823
0.0173500 0.5641512
0.0173750 0.5111937
0.0174000 0.4562187
0.0174250 0.3994432
0.0174500 0.3410912
0.0174750 0.2813932
0.0175000 0.2205846
0.0175250 0.1589055
0.0175500 0.0965992
0.0175750 0.0339117
0.0176000 -0.0289096
0.0176250 -0.0916168
0.0176500 -0.1539625
0.0176750 -0.2157005
0.0177000 -0.2765873
0.0177250 -0.3363825
0.0177500 -0.3948501
0.0177750 -0.4517595
0.0178000 -0.5068860
0.0178250 -0.5600120
0.0178500 -0.6109279
0.0178750 -0.6594328
0.0179000 -0.7053352
0.0179250 -0.7484539
0.0179500 -0.7886188
0.0179750 -0.8256715
0.0180000 -0.8594655
0.0180250 -0.8898677
0.0180500 -0.9167580
0.0180750 -0.9400302
0.0181000 -0.9595925
0.0181250 -0.9753678
0.0181500 -0.9872938
0.0181750 -0.9953234
0.0182000 -0.9994248
0.0182250 -0.9995820
0.0182500 -0.9957943
0.0182750 -0.9880767
0.0183000 -0.9764596
0.0183250 -0.9609888
0.0183500 -0.9417255
0.0183750 -0.9187456
0.0184000 -0.8921398
0.0184250 -0.8620131
0.0184500 -0.8284845
0.0184750 -0.7916862
0.0185000 -0.7517636
0.0185250 -0.7088740
0.0185500 -0.6631868
0.0185750 -0.6148824
0.0186000 -0.5641513
0.0186250 -0.5111937
0.0186500 -0.4562187
0.0186750 -0.3994432
0.0187000 -0.3410913
0.0187250 -0.2813932
0.0187500 -0.2205847
0.0187750 -0.1589055
0.0188000 -0.0965993
0.0188250 -0.0339118
0.0188500 0.0289095
0.0188750 0.0916168
0.0189000 0.1539624
0.0189250 0.2157004
0.0189500 0.2765872
0.0189750 0.3363824
0.0190000 0.3948501
0.0190250 0.4517594
0.0190500 0.5068859
0.0190750 0.5600119
0.0191000 0.6109279
0.0191250 0.6594327
0.0191500 0.7053351
0.0191750 0.7484539
0.0192000 0.7886188
0.0192250 0.8256714
0.0192500 0.8594655
0.0192750 0.8898677
0.0193000 0.9167579
0.0193250 0.9400302
0.0193500 0.9595925
0.0193750 0.9753678
0.0194000 0.9872938
0.0194250 0.9953234
0.0194500 0.9994248
0.0194750 0.9995820
0.0195000 0.9957943
0.0195250 0.9880767
0.0195500 0.9764596
0.0195750 0.9609888
0.0196000 0.9417255
0.0196250 0.9187456
0.0196500 0.8921398
0.0196750 0.8620132
0.0197000 0.8284845
0.0197250 0.7916863
0.0197500 0.7517636
0.0197750 0.7088740
0.0198000 0.6631869
0.0198250 0.6148824
0.0198500 0.5641513
0.0198750 0.5111938
0.0199000 0.4562187
0.0199250 0.3994433
0.0199500 0.3410913
0.0199750 0.2813933
0.0200000 0.2205847
0.0200250 0.1589056
0.0200500 0.0965993
0.0200750 0.0339119
0.0201000 -0.0289095
0.0201250 -0.0916167
0.0201500 -0.1539624
0.0201750 -0.2157004
0.0202000 -0.2765872
0.0202250 -0.3363824
0.0202500 -0.3948500
0.0202750 -0.4517594
0.0203000 -0.5068859
0.0203250 -0.5600119
0.0203500 -0.6109278
0.0203750 -0.6594327
0.0204000 -0.7053351
0.0204250 -0.7484538
0.0204500 -0.7886188
0.0204750 -0.8256714
0.0205000 -0.8594655
0.0205250 -0.8898676
0.0205500 -0.9167579
0.0205750 -0.9400301
0.0206000 -0.9595925
0.0206250 -0.9753678
0.0206500 -0.9872938
0.0206750 -0.9953233
0.0207000 -0.9994248
0.0207250 -0.9995820
0.0207500 -0.9957943
0.0207750 -0.9880767
0.0208000 -0.9764596
0.0208250 -0.9609888
0.0208500 -0.9417255
0.0208750 -0.9187456
0.0209000 -0.8921398
0.0209250 -0.8620132
0.0209500 -0.8284846
0.0209750 -0.7916863
0.0210000 -0.7517636
0.0210250 -0.7088741
0.0210500 -0.6631869
0.0210750 -0.6148825
0.0211000 -0.5641514
0.0211250 -0.5111938
0.0211500 -0.4562188
0.0211750 -0.3994433
0.0212000 -0.3410914
0.0212250 -0.2813933
0.0212500 -0.2205848
0.0212750 -0.1589056
0.0213000 -0.0965994
0.0213250 -0.0339119
0.0213500 0.0289094
0.0213750 0.0916166
0.0214000 0.1539623
0.0214250 0.2157003
0.0214500 0.2765871
0.0214750 0.3363823
0.0215000 0.3948500
0.0215250 0.4517593
0.0215500 0.5068858
0.0215750 0.5600119
0.0216000 0.6109278
0.0216250 0.6594326
0.0216500 0.7053350
0.0216750 0.7484538
0.0217000 0.7886187
0.0217250 0.8256714
0.0217500 0.8594655
0.0217750 0.8898676
0.0218000 0.9167579
0.0218250 0.9400301
0.0218500 0.9595925
0.0218750 0.9753678
0.0219000 0.9872938
0.0219250 0.9953233
0.0219500 0.9994248
0.0219750 0.9995820
0.0220000 0.9957944
0.0220250 0.9880767
0.0220500 0.9764596
0.0220750 0.9609889
0.0221000 0.9417255
0.0221250 0.9187456
0.0221500 0.8921399
0.0221750 0.8620132
0.0222000 0.8284846
0.0222250 0.7916863
0.0222500 0.7517637
0.0222750 0.7088741
0.0223000 0.6631870
0.0223250 0.6148825
0.0223500 0.5641514
0.0223750 0.5111938
0.0224000 0.4562188
0.0224250 0.3994434
0.0224500 0.3410914
0.0224750 0.2813934
0.0225000 0.2205848
0.0225250 0.1589057
0.0225500 0.0965994
0.0225750 0.0339120
0.0226000 -0.0289094
0.0226250 -0.0916166
0.0226500 -0.1539623
0.0226750 -0.2157003
0.0227000 -0.2765871
0.0227250 -0.3363823
0.0227500 -0.3948499
0.0227750 -0.4517593
0.0228000 -0.5068858
0.0228250 -0.5600118
0.0228500 -0.6109277
0.0228750 -0.6594326
0.0229000 -0.7053350
0.0229250 -0.7484538
0.0229500 -0.7886187
0.0229750 -0.8256713
0.0230000 -0.8594654
0.0230250 -0.8898676
0.0230500 -0.9167579
0.0230750 -0.9400301
0.0231000 -0.9595925
0.0231250 -0.9753678
0.0231500 -0.9872938
0.0231750 -0.9953233
0.0232000 -0.9994248
0.0232250 -0.9995820
0.0232500 -0.9957944
0.0232750 -0.9880767
0.0233000 -0.9764596
0.0233250 -0.9609889
0.0233500 -0.9417255
0.0233750 -0.9187456
0.0234000 -0.8921399
0.0234250 -0.8620132
0.0234500 -0.8284846
0.0234750 -0.7916864
0.0235000 -0.7517637
0.0235250 -0.7088742
0.0235500 -0.6631870
0.0235750 -0.6148826
0.0236000 -0.5641514
0.0236250 -0.5111939
0.0236500 -0.4562189
0.0236750 -0.3994434
0.0237000 -0.3410915
0.0237250 -0.2813934
0.0237500 -0.2205849
0.0237750 -0.1589057
0.0238000 -0.0965995
0.0238250 -0.0339120
0.0238500 0.0289093
0.0238750 0.0916165
0.0239000 0.1539622
0.0239250 0.2157002
0.0239500 0.2765870
0.0239750 0.3363822
0.0240000 0.3948499
0.0240250 0.4517593
0.0240500 0.5068857
0.0240750 0.5600118
0.0241000 0.6109277
0.0241250 0.6594326
0.0241500 0.7053350
0.0241750 0.7484537
0.0242000 0.7886187
0.0242250 0.8256713
0.0242500 0.8594654
0.0242750 0.8898676
0.0243000 0.9167578
0.0243250 0.9400301
0.0243500 0.9595925
0.0243750 0.9753678
0.0244000 0.9872938
0.0244250 0.9953233
0.0244500 0.9994248
0.0244750 0.9995820
0.0245000 0.9957944
0.0245250 0.9880767
0.0245500 0.9764596
0.0245750 0.9609889
0.0246000 0.9417256
0.0246250 0.9187457
0.0246500 0.8921399
0.0246750 0.8620133
0.0247000 0.8284847
0.0247250 0.7916864
0.0247500 0.7517637
0.0247750 0.7088742
0.0248000 0.6631870
0.0248250 0.6148826
0.0248500 0.5641515
0.0248750 0.5111939
0.0249000 0.4562189
0.0249250 0.3994434
0.0249500 0.3410915
0.0249750 0.2813935
0.0250000 0.2205865
0.0250250 0.0652896
0.0250500 -0.0916149
0.0250750 -0.2462635
0.0251000 -0.3948484
0.0251250 -0.5337107
0.0251500 -0.6594313
0.0251750 -0.7689146
0.0252000 -0.8594646
0.0252250 -0.9288517
0.0252500 -0.9753674
0.0252750 -0.9978664
0.0253000 -0.9957945
0.0253250 -0.9692029
0.0253500 -0.9187463
0.0253750 -0.8456671
0.0254000 -0.7517648
0.0254250 -0.6393516
0.0254500 -0.5111954
0.0254750 -0.3704518
0.0255000 -0.2205865
0.0255250 -0.0652897
0.0255500 0.0916148
0.0255750 0.2462635
0.0256000 0.3948483
0.0256250 0.5337107
0.0256500 0.6594313
0.0256750 0.7689145
0.0257000 0.8594645
0.0257250 0.9288517
0.0257500 0.9753674
0.0257750 0.9978664
0.0258000 0.9957945
0.0258250 0.9692029
0.0258500 0.9187463
0.0258750 0.8456672
0.0259000 0.7517649
0.0259250 0.6393516
0.0259500 0.5111954
0.0259750 0.3704519
0.0260000 0.2205866
0.0260250 0.0652897
0.0260500 -0.0916148
0.0260750 -0.2462634
0.0261000 -0.3948483
0.0261250 -0.5337106
0.0261500 -0.6594312
0.0261750 -0.7689145
0.0262000 -0.8594645
0.0262250 -0.9288516
0.0262500 -0.9753674
0.0262750 -0.9978663
0.0263000 -0.9957945
0.0263250 -0.9692029
0.0263500 -0.9187464
0.0263750 -0.8456672
0.0264000 -0.7517649
0.0264250 -0.6393517
0.0264500 -0.5111955
0.0264750 -0.3704519
0.0265000 -0.2205866
0.0265250 -0.0652898
0.0265500 0.0916147
0.0265750 0.2462634
0.0266000 0.3948482
0.0266250 0.5337106
0.0266500 0.6594312
0.0266750 0.7689144
0.0267000 0.8594645
0.0267250 0.9288516
0.0267500 0.9753674
0.0267750 0.9978663
0.0268000 0.9957945
0.0268250 0.9692030
0.0268500 0.9187464
0.0268750 0.8456672
0.0269000 0.7517649
0.0269250 0.6393517
0.0269500 0.5111955
0.0269750 0.3704520
0.0270000 0.2205867
0.0270250 0.0652898
0.0270500 -0.0916147
0.0270750 -0.2462633
0.0271000 -0.3948482
0.0271250 -0.5337105
0.0271500 -0.6594312
0.0271750 -0.7689144
0.0272000 -0.8594644
0.0272250 -0.9288516
0.0272500 -0.9753674
0.0272750 -0.9978663
0.0273000 -0.9957945
0.0273250 -0.9692030
0.0273500 -0.9187464
0.0273750 -0.8456673
0.0274000 -0.7517650
0.0274250 -0.6393517
0.0274500 -0.5111956
0.0274750 -0.3704520
0.0275000 -0.2205868
0.0275250 -0.0652899
0.0275500 0.0916146
0.0275750 0.2462633
0.0276000 0.3948481
0.0276250 0.5337105
0.0276500 0.6594311
0.0276750 0.7689144
0.0277000 0.8594644
0.0277250 0.9288516
0.0277500 0.9753674
0.0277750 0.9978663
0.0278000 0.9957945
0.0278250 0.9692030
0.0278500 0.9187464
0.0278750 0.8456673
0.0279000 0.7517650
0.0279250 0.6393518
0.0279500 0.5111956
0.0279750 0.3704521
0.0280000 0.2205868
0.0280250 0.0652899
0.0280500 -0.0916146
0.0280750 -0.2462632
0.0281000 -0.3948481
0.0281250 -0.5337104
0.0281500 -0.6594311
0.0281750 -0.7689143
0.0282000 -0.8594644
0.0282250 -0.9288516
0.0282500 -0.9753673
0.0282750 -0.9978663
0.0283000 -0.9957945
0.0283250 -0.9692030
0.0283500 -0.9187464
0.0283750 -0.8456673
0.0284000 -0.7517650
0.0284250 -0.6393518
0.0284500 -0.5111956
0.0284750 -0.3704521
0.0285000 -0.2205869
0.0285250 -0.0652900
0.0285500 0.0916145
0.0285750 0.2462632
0.0286000 0.3948480
0.0286250 0.5337104
0.0286500 0.6594310
0.0286750 0.7689143
0.0287000 0.8594644
0.0287250 0.9288515
0.0287500 0.9753673
0.0287750 0.9978663
0.0288000 0.9957946
0.0288250 0.9692030
0.0288500 0.9187465
0.0288750 0.8456673
0.0289000 0.7517651
0.0289250 0.6393519
0.0289500 0.5111957
0.0289750 0.3704522
0.0290000 0.2205869
0.0290250 0.0652901
0.0290500 -0.0916145
0.0290750 -0.2462631
0.0291000 -0.3948480
0.0291250 -0.5337103
0.0291500 -0.6594310
0.0291750 -0.7689143
0.0292000 -0.8594643
0.0292250 -0.9288515
0.0292500 -0.9753673
0.0292750 -0.9978663
0.0293000 -0.9957946
0.0293250 -0.9692030
0.0293500 -0.9187465
0.0293750 -0.8456674
0.0294000 -0.7517651
0.0294250 -0.6393519
0.0294500 -0.5111957
0.0294750 -0.3704522
0.0295000 -0.2205870
0.0295250 -0.0652901
0.0295500 0.0916144
0.0295750 0.2462631
0.0296000 0.3948479
0.0296250 0.5337103
0.0296500 0.6594310
0.0296750 0.7689142
0.0297000 0.8594643
0.0297250 0.9288515
0.0297500 0.9753673
0.0297750 0.9978663
0.0298000 0.9957946
0.0298250 0.9692030
0.0298500 0.9187465
0.0298750 0.8456674
0.0299000 0.7517651
0.0299250 0.6393519
0.0299500 0.5111958
0.0299750 0.3704523
