0.0000000 1.0000000
0.0000250 0.8312539
0.0000500 0.6420395
0.0000750 0.4370160
0.0001000 0.2212317
0.0001250 0.0000000
0.0001500 -0.2212317
0.0001750 -0.4370160
0.0002000 -0.6420395
0.0002250 -0.8312539
0.0002500 -1.0000000
0.0002750 -1.1441228
0.0003000 -1.2600735
0.0003250 -1.3449970
0.0003500 -1.3968022
0.0003750 -1.4142135
0.0004000 -1.3968022
0.0004250 -1.3449970
0.0004500 -1.2600735
0.0004750 -1.1441228
0.0005000 -1.0000000
0.0005250 -0.8312539
0.0005500 -0.6420396
0.0005750 -0.4370161
0.0006000 -0.2212318
0.0006250 -0.0000001
0.0006500 0.2212317
0.0006750 0.4370159
0.0007000 0.6420394
0.0007250 0.8312538
0.0007500 0.9999999
0.0007750 1.1441227
0.0008000 1.2600734
0.0008250 1.3449970
0.0008500 1.3968022
0.0008750 1.4142135
0.0009000 1.3968022
0.0009250 1.3449970
0.0009500 1.2600736
0.0009750 1.1441229
0.0010000 1.0000001
0.0010250 0.8312540
0.0010500 0.6420396
0.0010750 0.4370162
0.0011000 0.2212319
0.0011250 0.0000002
0.0011500 -0.2212316
0.0011750 -0.4370159
0.0012000 -0.6420394
0.0012250 -0.8312537
0.0012500 -0.9999999
0.0012750 -1.1441227
0.0013000 -1.2600734
0.0013250 -1.3449969
0.0013500 -1.3968022
0.0013750 -1.4142135
0.0014000 -1.3968023
0.0014250 -1.3449971
0.0014500 -1.2600736
0.0014750 -1.1441229
0.0015000 -1.0000001
0.0015250 -0.8312540
0.0015500 -0.6420397
0.0015750 -0.4370162
0.0016000 -0.2212320
0.0016250 -0.0000002
0.0016500 0.2212315
0.0016750 0.4370158
0.0017000 0.6420393
0.0017250 0.8312537
0.0017500 0.9999998
0.0017750 1.1441226
0.0018000 1.2600734
0.0018250 1.3449969
0.0018500 1.3968022
0.0018750 1.4142135
0.0019000 1.3968023
0.0019250 1.3449971
0.0019500 1.2600736
0.0019750 1.1441230
0.0020000 1.0000002
0.0020250 0.8312541
0.0020500 0.6420398
0.0020750 0.4370163
0.0021000 0.2212320
0.0021250 0.0000003
0.0021500 -0.2212314
0.0021750 -0.4370157
0.0022000 -0.6420392
0.0022250 -0.8312536
0.0022500 -0.9999998
0.0022750 -1.1441226
0.0023000 -1.2600733
0.0023250 -1.3449969
0.0023500 -1.3968022
0.0023750 -1.4142135
0.0024000 -1.3968023
0.0024250 -1.3449971
0.0024500 -1.2600737
0.0024750 -1.1441230
0.0025000 -1.0000002
0.0025250 -0.8312542
0.0025500 -0.6420398
0.0025750 -0.4370164
0.0026000 -0.2212321
0.0026250 -0.0000004
0.0026500 0.2212314
0.0026750 0.4370157
0.0027000 0.6420392
0.0027250 0.8312535
0.0027500 0.9999997
0.0027750 1.1441226
0.0028000 1.2600733
0.0028250 1.3449969
0.0028500 1.3968022
0.0028750 1.4142135
0.0029000 1.3968023
0.0029250 1.3449971
0.0029500 1.2600737
0.0029750 1.1441230
0.0030000 1.0000003
0.0030250 0.8312542
0.0030500 0.6420399
0.0030750 0.4370164
0.0031000 0.2212322
0.0031250 0.0000005
0.0031500 -0.2212313
0.0031750 -0.4370156
0.0032000 -0.6420391
0.0032250 -0.8312535
0.0032500 -0.9999997
0.0032750 -1.1441225
0.0033000 -1.2600733
0.0033250 -1.3449969
0.0033500 -1.3968022
0.0033750 -1.4142135
0.0034000 -1.3968023
0.0034250 -1.3449972
0.0034500 -1.2600737
0.0034750 -1.1441231
0.0035000 -1.0000003
0.0035250 -0.8312543
0.0035500 -0.6420400
0.0035750 -0.4370165
0.0036000 -0.2212323
0.0036250 -0.0000005
0.0036500 0.2212312
0.0036750 0.4370155
0.0037000 0.6420390
0.0037250 0.8312534
0.0037500 0.9999996
0.0037750 1.1441225
0.0038000 1.2600732
0.0038250 1.3449968
0.0038500 1.3968021
0.0038750 1.4142135
0.0039000 1.3968023
0.0039250 1.3449972
0.0039500 1.2600738
0.0039750 1.1441231
0.0040000 1.0000004
0.0040250 0.8312543
0.0040500 0.6420400
0.0040750 0.4370166
0.0041000 0.2212323
0.0041250 0.0000006
0.0041500 -0.2212311
0.0041750 -0.4370154
0.0042000 -0.6420390
0.0042250 -0.8312534
0.0042500 -0.9999995
0.0042750 -1.1441224
0.0043000 -1.2600732
0.0043250 -1.3449968
0.0043500 -1.3968021
0.0043750 -1.4142135
0.0044000 -1.3968023
0.0044250 -1.3449972
0.0044500 -1.2600738
0.0044750 -1.1441232
0.0045000 -1.0000005
0.0045250 -0.8312544
0.0045500 -0.6420401
0.0045750 -0.4370167
0.0046000 -0.2212324
0.0046250 -0.0000007
0.0046500 0.2212311
0.0046750 0.4370154
0.0047000 0.6420389
0.0047250 0.8312533
0.0047500 0.9999995
0.0047750 1.1441224
0.0048000 1.2600732
0.0048250 1.3449968
0.0048500 1.3968021
0.0048750 1.4142135
0.0049000 1.3968023
0.0049250 1.3449972
0.0049500 1.2600738
0.0049750 1.1441232
0.0050000 1.0000005
0.0050250 0.8312545
0.0050500 0.6420402
0.0050750 0.4370167
0.0051000 0.2212325
0.0051250 0.0000008
0.0051500 -0.2212310
0.0051750 -0.4370153
0.0052000 -0.6420388
0.0052250 -0.8312532
0.0052500 -0.9999994
0.0052750 -1.1441223
0.0053000 -1.2600731
0.0053250 -1.3449968
0.0053500 -1.3968021
0.0053750 -1.4142135
0.0054000 -1.3968024
0.0054250 -1.3449973
0.0054500 -1.2600739
0.0054750 -1.1441233
0.0055000 -1.0000006
0.0055250 -0.8312545
0.0055500 -0.6420402
0.0055750 -0.4370168
0.0056000 -0.2212326
0.0056250 -0.0000008
0.0056500 0.2212309
0.0056750 0.4370152
0.0057000 0.6420388
0.0057250 0.8312532
0.0057500 0.9999994
0.0057750 1.1441223
0.0058000 1.2600731
0.0058250 1.3449967
0.0058500 1.3968021
0.0058750 1.4142135
0.0059000 1.3968024
0.0059250 1.3449973
0.0059500 1.2600739
0.0059750 1.1441233
0.0060000 1.0000006
0.0060250 0.8312546
0.0060500 0.6420403
0.0060750 0.4370169
0.0061000 0.2212326
0.0061250 0.0000009
0.0061500 -0.2212308
0.0061750 -0.4370151
0.0062000 -0.6420387
0.0062250 -0.8312531
0.0062500 -0.9999993
0.0062750 -1.1441222
0.0063000 -1.2600731
0.0063250 -1.3449967
0.0063500 -1.3968021
0.0063750 -1.4142135
0.0064000 -1.3968024
0.0064250 -1.3449973
0.0064500 -1.2600739
0.0064750 -1.1441234
0.0065000 -1.0000007
0.0065250 -0.8312546
0.0065500 -0.6420404
0.0065750 -0.4370169
0.0066000 -0.2212327
0.0066250 -0.0000010
0.0066500 0.2212308
0.0066750 0.4370151
0.0067000 0.6420386
0.0067250 0.8312531
0.0067500 0.9999993
0.0067750 1.1441222
0.0068000 1.2600730
0.0068250 1.3449967
0.0068500 1.3968021
0.0068750 1.4142135
0.0069000 1.3968024
0.0069250 1.3449973
0.0069500 1.2600740
0.0069750 1.1441234
0.0070000 1.0000007
0.0070250 0.8312547
0.0070500 0.6420404
0.0070750 0.4370170
0.0071000 0.2212328
0.0071250 0.0000011
0.0071500 -0.2212307
0.0071750 -0.4370150
0.0072000 -0.6420386
0.0072250 -0.8312530
0.0072500 -0.9999992
0.0072750 -1.1441222
0.0073000 -1.2600730
0.0073250 -1.3449967
0.0073500 -1.3968021
0.0073750 -1.4142135
0.0074000 -1.3968024
0.0074250 -1.3449973
0.0074500 -1.2600740
0.0074750 -1.1441234
0.0075000 -1.0000008
0.0075250 -0.8312548
0.0075500 -0.6420405
0.0075750 -0.4370171
0.0076000 -0.2212329
0.0076250 -0.0000011
0.0076500 0.2212306
0.0076750 0.4370149
0.0077000 0.6420385
0.0077250 0.8312529
0.0077500 0.9999992
0.0077750 1.1441221
0.0078000 1.2600730
0.0078250 1.3449966
0.0078500 1.3968020
0.0078750 1.4142135
0.0079000 1.3968024
0.0079250 1.3449974
0.0079500 1.2600740
0.0079750 1.1441235
0.0080000 1.0000008
0.0080250 0.8312548
0.0080500 0.6420406
0.0080750 0.4370172
0.0081000 0.2212329
0.0081250 0.0000012
0.0081500 -0.2212305
0.0081750 -0.4370149
0.0082000 -0.6420384
0.0082250 -0.8312529
0.0082500 -0.9999991
0.0082750 -1.1441221
0.0083000 -1.2600729
0.0083250 -1.3449966
0.0083500 -1.3968020
0.0083750 -1.4142135
0.0084000 -1.3968024
0.0084250 -1.3449974
0.0084500 -1.2600741
0.0084750 -1.1441235
0.0085000 -1.0000009
0.0085250 -0.8312549
0.0085500 -0.6420407
0.0085750 -0.4370172
0.0086000 -0.2212330
0.0086250 -0.0000013
0.0086500 0.2212305
0.0086750 0.4370148
0.0087000 0.6420384
0.0087250 0.8312528
0.0087500 0.9999991
0.0087750 1.1441220
0.0088000 1.2600729
0.0088250 1.3449966
0.0088500 1.3968020
0.0088750 1.4142135
0.0089000 1.3968024
0.0089250 1.3449974
0.0089500 1.2600741
0.0089750 1.1441236
0.0090000 1.0000009
0.0090250 0.8312550
0.0090500 0.6420407
0.0090750 0.4370173
0.0091000 0.2212331
0.0091250 0.0000014
0.0091500 -0.2212304
0.0091750 -0.4370147
0.0092000 -0.6420383
0.0092250 -0.8312527
0.0092500 -0.9999990
0.0092750 -1.1441220
0.0093000 -1.2600729
0.0093250 -1.3449966
0.0093500 -1.3968020
0.0093750 -1.4142135
0.0094000 -1.3968024
0.0094250 -1.3449974
0.0094500 -1.2600741
0.0094750 -1.1441236
0.0095000 -1.0000010
0.0095250 -0.8312550
0.0095500 -0.6420408
0.0095750 -0.4370174
0.0096000 -0.2212332
0.0096250 -0.0000014
0.0096500 0.2212303
0.0096750 0.4370146
0.0097000 0.6420382
0.0097250 0.8312527
0.0097500 0.9999990
0.0097750 1.1441219
0.0098000 1.2600728
0.0098250 1.3449966
0.0098500 1.3968020
0.0098750 1.4142135
0.0099000 1.3968025
0.0099250 1.3449975
0.0099500 1.2600742
0.0099750 1.1441237
0.0100000 -1.0000010
0.0100250 -0.8312551
0.0100500 -0.6420409
0.0100750 -0.4370175
0.0101000 -0.2212332
0.0101250 -0.0000015
0.0101500 0.2212302
0.0101750 0.4370146
0.0102000 0.6420382
0.0102250 0.8312526
0.0102500 0.9999989
0.0102750 1.1441219
0.0103000 1.2600728
0.0103250 1.3449965
0.0103500 1.3968020
0.0103750 1.4142135
0.0104000 1.3968025
0.0104250 1.3449975
0.0104500 1.2600742
0.0104750 1.1441237
0.0105000 1.0000011
0.0105250 0.8312551
0.0105500 0.6420409
0.0105750 0.4370175
0.0106000 0.2212333
0.0106250 0.0000016
0.0106500 -0.2212302
0.0106750 -0.4370145
0.0107000 -0.6420381
0.0107250 -0.8312526
0.0107500 -0.9999988
0.0107750 -1.1441218
0.0108000 -1.2600728
0.0108250 -1.3449965
0.0108500 -1.3968020
0.0108750 -1.4142135
0.0109000 -1.3968025
0.0109250 -1.3449975
0.0109500 -1.2600742
0.0109750 -1.1441238
0.0110000 -1.0000012
0.0110250 -0.8312552
0.0110500 -0.6420410
0.0110750 -0.4370176
0.0111000 -0.2212334
0.0111250 -0.0000017
0.0111500 0.2212301
0.0111750 0.4370144
0.0112000 0.6420380
0.0112250 0.8312525
0.0112500 0.9999988
0.0112750 1.1441218
0.0113000 1.2600727
0.0113250 1.3449965
0.0113500 1.3968020
0.0113750 1.4142135
0.0114000 1.3968025
0.0114250 1.3449975
0.0114500 1.2600743
0.0114750 1.1441238
0.0115000 1.0000012
0.0115250 0.8312553
0.0115500 0.6420411
0.0115750 0.4370177
0.0116000 0.2212335
0.0116250 0.0000017
0.0116500 -0.2212300
0.0116750 -0.4370144
0.0117000 -0.6420380
0.0117250 -0.8312524
0.0117500 -0.9999987
0.0117750 -1.1441218
0.0118000 -1.2600727
0.0118250 -1.3449965
0.0118500 -1.3968019
0.0118750 -1.4142135
0.0119000 -1.3968025
0.0119250 -1.3449976
0.0119500 -1.2600743
0.0119750 -1.1441238
0.0120000 -1.0000013
0.0120250 -0.8312553
0.0120500 -0.6420411
0.0120750 -0.4370177
0.0121000 -0.2212335
0.0121250 -0.0000018
0.0121500 0.2212299
0.0121750 0.4370143
0.0122000 0.6420379
0.0122250 0.8312524
0.0122500 0.9999987
0.0122750 1.1441217
0.0123000 1.2600727
0.0123250 1.3449964
0.0123500 1.3968019
0.0123750 1.4142135
0.0124000 1.3968025
0.0124250 1.3449976
0.0124500 1.2600743
0.0124750 1.1441239
0.0125000 1.0000013
0.0125250 0.8312554
0.0125500 0.6420412
0.0125750 0.4370178
0.0126000 0.2212336
0.0126250 0.0000019
0.0126500 -0.2212299
0.0126750 -0.4370142
0.0127000 -0.6420378
0.0127250 -0.8312523
0.0127500 -0.9999986
0.0127750 -1.1441217
0.0128000 -1.2600726
0.0128250 -1.3449964
0.0128500 -1.3968019
0.0128750 -1.4142135
0.0129000 -1.3968025
0.0129250 -1.3449976
0.0129500 -1.2600744
0.0129750 -1.1441239
0.0130000 -1.0000014
0.0130250 -0.8312554
0.0130500 -0.6420413
0.0130750 -0.4370179
0.0131000 -0.2212337
0.0131250 -0.0000020
0.0131500 0.2212298
0.0131750 0.4370141
0.0132000 0.6420377
0.0132250 0.8312523
0.0132500 0.9999986
0.0132750 1.1441216
0.0133000 1.2600726
0.0133250 1.3449964
0.0133500 1.3968019
0.0133750 1.4142135
0.0134000 1.3968025
0.0134250 1.3449976
0.0134500 1.2600744
0.0134750 1.1441240
0.0135000 1.0000014
0.0135250 0.8312555
0.0135500 0.6420413
0.0135750 0.4370180
0.0136000 0.2212338
0.0136250 0.0000020
0.0136500 -0.2212297
0.0136750 -0.4370141
0.0137000 -0.6420377
0.0137250 -0.8312522
0.0137500 -0.9999985
0.0137750 -1.1441216
0.0138000 -1.2600726
0.0138250 -1.3449964
0.0138500 -1.3968019
0.0138750 -1.4142135
0.0139000 -1.3968026
0.0139250 -1.3449977
0.0139500 -1.2600744
0.0139750 -1.1441240
0.0140000 -1.0000015
0.0140250 -0.8312556
0.0140500 -0.6420414
0.0140750 -0.4370180
0.0141000 -0.2212338
0.0141250 -0.0000021
0.0141500 0.2212296
0.0141750 0.4370140
0.0142000 0.6420376
0.0142250 0.8312521
0.0142500 0.9999985
0.0142750 1.1441215
0.0143000 1.2600725
0.0143250 1.3449963
0.0143500 1.3968019
0.0143750 1.4142135
0.0144000 1.3968026
0.0144250 1.3449977
0.0144500 1.2600745
0.0144750 1.1441241
0.0145000 1.0000015
0.0145250 0.8312556
0.0145500 0.6420415
0.0145750 0.4370181
0.0146000 0.2212339
0.0146250 0.0000022
0.0146500 -0.2212296
0.0146750 -0.4370139
0.0147000 -0.6420375
0.0147250 -0.8312521
0.0147500 -0.9999984
0.0147750 -1.1441215
0.0148000 -1.2600725
0.0148250 -1.3449963
0.0148500 -1.3968019
0.0148750 -1.4142135
0.0149000 -1.3968026
0.0149250 -1.3449977
0.0149500 -1.2600745
0.0149750 -1.1441241
