0.0000250 0.9910510 0.0065019
0.0000500 0.9720292 0.0160968
0.0000750 0.9428970 0.0252120
0.0001000 0.9047011 0.0304533
0.0001250 0.8594661 0.0289306
0.0001500 0.8099909 0.0185351
0.0001750 0.7595713 -0.0018609
0.0002000 0.7116727 -0.0322986
0.0002250 0.6695872 -0.0717347
0.0002500 0.6361079 -0.1181480
0.0002750 0.6132515 -0.1687424
0.0003000 0.6020581 -0.2202253
0.0003250 0.6024860 -0.2691341
0.0003500 0.6134127 -0.3121793
0.0003750 0.6327421 -0.3465703
0.0004000 0.6576068 -0.3702928
0.0004250 0.6846465 -0.3823089
0.0004500 0.7103342 -0.3826627
0.0004750 0.7313194 -0.3724786
0.0005000 0.7447534 -0.3538546
0.0005250 0.7485667 -0.3296601
0.0005500 0.7416692 -0.3032570
0.0005750 0.7240549 -0.2781741
0.0006000 0.6968012 -0.2577636
0.0006250 0.6619611 -0.2448754
0.0006500 0.6223612 -0.2415806
0.0006750 0.5813231 -0.2489708
0.0007000 0.5423369 -0.2670530
0.0007250 0.5087182 -0.2947514
0.0007500 0.4832823 -0.3300138
0.0007750 0.4680672 -0.3700149
0.0008000 0.4641330 -0.4114342
0.0008250 0.4714572 -0.4507826
0.0008500 0.4889353 -0.4847453
0.0008750 0.5144885 -0.5105080
0.0009000 0.5452659 -0.5260336
0.0009250 0.5779227 -0.5302627
0.0009500 0.6089466 -0.5232188
0.0009750 0.6350011 -0.5060069
0.0010000 0.6532511 -0.4807065
0.0010250 0.6616395 -0.4501694
0.0010500 0.6590883 -0.4177409
0.0010750 0.6456031 -0.3869338
0.0011000 0.6222720 -0.3610852
0.0011250 0.5911584 -0.3430310
0.0011500 0.5550986 -0.3348284
0.0011750 0.5174237 -0.3375562
0.0012000 0.4816324 -0.3512092
0.0012250 0.4510490 -0.3746997
0.0012500 0.4284965 -0.4059647
0.0012750 0.4160207 -0.4421683
0.0013000 0.4146888 -0.4799799
0.0013250 0.4244852 -0.5159010
0.0013500 0.4443119 -0.5466078
0.0013750 0.4720963 -0.5692774
0.0014000 0.5049933 -0.5818645
0.0014250 0.5396637 -0.5833021
0.0014500 0.5726006 -0.5736062
0.0014750 0.6004724 -0.5538749
0.0015000 0.6204488 -0.5261812
0.0015250 0.6304773 -0.4933703
0.0015500 0.6294843 -0.4587817
0.0015750 0.6174793 -0.4259226
0.0016000 0.5955543 -0.3981246
0.0016250 0.5657766 -0.3782184
0.0016500 0.5309860 -0.3682565
0.0016750 0.4945166 -0.3693128
0.0017000 0.4598707 -0.3813780
0.0017250 0.4303753 -0.4033600
0.0017500 0.4088566 -0.4331920
0.0017750 0.3973627 -0.4680343
0.0018000 0.3969638 -0.5045526
0.0018250 0.4076464 -0.5392450
0.0018500 0.4283150 -0.5687846
0.0018750 0.4568993 -0.5903454
0.0019000 0.4905561 -0.6018791
0.0019250 0.5259484 -0.6023160
0.0019500 0.5595710 -0.5916694
0.0019750 0.5880943 -0.5710349
0.0020000 0.6086896 -0.5424832
0.0020250 0.6193061 -0.5088572
0.0020500 0.6188716 -0.4734943
0.0020750 0.6073973 -0.4398995
0.0021000 0.5859764 -0.4114027
0.0021250 0.5566776 -0.3908326
0.0021500 0.5223419 -0.3802399
0.0021750 0.4863048 -0.3806971
0.0022000 0.4520695 -0.3921930
0.0022250 0.4229641 -0.4136344
0.0022500 0.4018159 -0.4429526
0.0022750 0.3906741 -0.4773068
0.0023000 0.3906096 -0.5133615
0.0023250 0.4016099 -0.5476135
0.0023500 0.4225804 -0.5767347
0.0023750 0.4514513 -0.5978980
0.0024000 0.4853806 -0.6090541
0.0024250 0.5210316 -0.6091322
0.0024500 0.5549001 -0.5981448
0.0024750 0.5836569 -0.5771866
0.0025000 0.6044741 -0.5483273
0.0025250 0.6153014 -0.5144091
0.0025500 0.6150672 -0.4787686
0.0025750 0.6037830 -0.4449101
0.0026000 0.5825429 -0.4161627
0.0026250 0.5534158 -0.3953546
0.0026500 0.5192431 -0.3845358
0.0026750 0.4833609 -0.3847782
0.0027000 0.4492728 -0.3960701
0.0027250 0.4203073 -0.4173176
0.0027500 0.3992920 -0.4464517
0.0027750 0.3882764 -0.4806309
0.0028000 0.3883317 -0.5165194
0.0028250 0.3994459 -0.5506135
0.0028500 0.4205246 -0.5795847
0.0028750 0.4494983 -0.6006055
0.0029000 0.4835252 -0.6116262
0.0029250 0.5192690 -0.6115757
0.0029500 0.5532256 -0.6004661
0.0029750 0.5820662 -0.5793919
0.0030000 0.6029629 -0.5504223
0.0030250 0.6138658 -0.5163993
0.0030500 0.6137033 -0.4806593
0.0030750 0.6024874 -0.4467063
0.0031000 0.5813120 -0.4178691
0.0031250 0.5522464 -0.3969757
0.0031500 0.5181323 -0.3860759
0.0031750 0.4823056 -0.3862413
0.0032000 0.4482703 -0.3974600
0.0032250 0.4193549 -0.4186379
0.0032500 0.3983872 -0.4477060
0.0032750 0.3874168 -0.4818225
0.0033000 0.3875151 -0.5176515
0.0033250 0.3986701 -0.5516890
0.0033500 0.4197876 -0.5806064
0.0033750 0.4487982 -0.6015761
0.0034000 0.4828601 -0.6125483
0.0034250 0.5186372 -0.6124517
0.0034500 0.5526254 -0.6012983
0.0034750 0.5814959 -0.5801824
0.0035000 0.6024212 -0.5511733
0.0035250 0.6133511 -0.5171128
0.0035500 0.6132144 -0.4813371
0.0035750 0.6020229 -0.4473502
0.0036000 0.5808708 -0.4184809
0.0036250 0.5518273 -0.3975568
0.0036500 0.5177341 -0.3866279
0.0036750 0.4819273 -0.3867657
0.0037000 0.4479109 -0.3979582
0.0037250 0.4190135 -0.4191113
0.0037500 0.3980628 -0.4481557
0.0037750 0.3871086 -0.4822497
0.0038000 0.3872224 -0.5180573
0.0038250 0.3983920 -0.5520745
0.0038500 0.4195234 -0.5809726
0.0038750 0.4485472 -0.6019240
0.0039000 0.4826217 -0.6128788
0.0039250 0.5184106 -0.6127657
0.0039500 0.5524102 -0.6015966
0.0039750 0.5812915 -0.5804658
0.0040000 0.6022269 -0.5514426
0.0040250 0.6131666 -0.5173686
0.0040500 0.6130391 -0.4815801
0.0040750 0.6018564 -0.4475811
0.0041000 0.5807126 -0.4187002
0.0041250 0.5516770 -0.3977651
0.0041500 0.5175913 -0.3868259
0.0041750 0.4817917 -0.3869537
0.0042000 0.4477821 -0.3981368
0.0042250 0.4188911 -0.4192809
0.0042500 0.3979465 -0.4483169
0.0042750 0.3869982 -0.4824028
0.0043000 0.3871174 -0.5182028
0.0043250 0.3982923 -0.5522127
0.0043500 0.4194287 -0.5811039
0.0043750 0.4484572 -0.6020487
0.0044000 0.4825362 -0.6129973
0.0044250 0.5183294 -0.6128783
0.0044500 0.5523330 -0.6017036
0.0044750 0.5812182 -0.5805674
0.0045000 0.6021573 -0.5515391
0.0045250 0.6131005 -0.5174603
0.0045500 0.6129763 -0.4816672
0.0045750 0.6017967 -0.4476638
0.0046000 0.5806559 -0.4187788
0.0046250 0.5516231 -0.3978398
0.0046500 0.5175402 -0.3868968
0.0046750 0.4817431 -0.3870211
0.0047000 0.4477359 -0.3982008
0.0047250 0.4188472 -0.4193418
0.0047500 0.3979048 -0.4483746
0.0047750 0.3869586 -0.4824577
0.0048000 0.3870798 -0.5182549
0.0048250 0.3982566 -0.5522622
0.0048500 0.4193947 -0.5811510
0.0048750 0.4484250 -0.6020934
0.0049000 0.4825055 -0.6130398
0.0049250 0.5183003 -0.6129186
0.0049500 0.5523053 -0.6017419
0.0049750 0.5811919 -0.5806039
0.0050000 0.6021324 -0.5515737
0.0050250 0.6130768 -0.5174932
0.0050500 0.6129538 -0.4816985
0.0050750 0.6017753 -0.4476935
0.0051000 0.5806356 -0.4188070
0.0051250 0.5516038 -0.3978666
0.0051500 0.5175218 -0.3869222
0.0051750 0.4817257 -0.3870453
0.0052000 0.4477193 -0.3982238
0.0052250 0.4188315 -0.4193636
0.0052500 0.3978899 -0.4483953
0.0052750 0.3869444 -0.4824774
0.0053000 0.3870663 -0.5182736
0.0053250 0.3982438 -0.5522800
0.0053500 0.4193825 -0.5811678
0.0053750 0.4484134 -0.6021094
0.0054000 0.4824945 -0.6130550
0.0054250 0.5182899 -0.6129331
0.0054500 0.5522954 -0.6017557
0.0054750 0.5811825 -0.5806169
0.0055000 0.6021234 -0.5515861
0.0055250 0.6130683 -0.5175050
0.0055500 0.6129457 -0.4817097
0.0055750 0.6017676 -0.4477041
0.0056000 0.5806283 -0.4188171
0.0056250 0.5515969 -0.3978762
0.0056500 0.5175153 -0.3869314
0.0056750 0.4817195 -0.3870540
0.0057000 0.4477134 -0.3982320
0.0057250 0.4188259 -0.4193714
0.0057500 0.3978846 -0.4484028
0.0057750 0.3869393 -0.4824844
0.0058000 0.3870615 -0.5182803
0.0058250 0.3982392 -0.5522863
0.0058500 0.4193782 -0.5811739
0.0058750 0.4484092 -0.6021152
0.0059000 0.4824906 -0.6130605
0.0059250 0.5182861 -0.6129383
0.0059500 0.5522919 -0.6017606
0.0059750 0.5811791 -0.5806216
0.0060000 0.6021202 -0.5515906
0.0060250 0.6130652 -0.5175092
0.0060500 0.6129428 -0.4817137
0.0060750 0.6017649 -0.4477080
0.0061000 0.5806257 -0.4188207
0.0061250 0.5515945 -0.3978796
0.0061500 0.5175129 -0.3869346
0.0061750 0.4817172 -0.3870571
0.0062000 0.4477113 -0.3982350
0.0062250 0.4188239 -0.4193742
0.0062500 0.3978826 -0.4484054
0.0062750 0.3869375 -0.4824870
0.0063000 0.3870598 -0.5182827
0.0063250 0.3982375 -0.5522886
0.0063500 0.4193766 -0.5811760
0.0063750 0.4484077 -0.6021172
0.0064000 0.4824892 -0.6130624
0.0064250 0.5182847 -0.6129401
0.0064500 0.5522906 -0.6017624
0.0064750 0.5811779 -0.5806233
0.0065000 0.6021190 -0.5515922
0.0065250 0.6130641 -0.5175108
0.0065500 0.6129418 -0.4817152
0.0065750 0.6017639 -0.4477093
0.0066000 0.5806248 -0.4188220
0.0066250 0.5515936 -0.3978809
0.0066500 0.5175121 -0.3869358
0.0066750 0.4817164 -0.3870582
0.0067000 0.4477105 -0.3982360
0.0067250 0.4188232 -0.4193752
0.0067500 0.3978820 -0.4484064
0.0067750 0.3869368 -0.4824879
0.0068000 0.3870591 -0.5182835
0.0068250 0.3982369 -0.5522894
0.0068500 0.4193760 -0.5811768
0.0068750 0.4484072 -0.6021180
0.0069000 0.4824886 -0.6130631
0.0069250 0.5182843 -0.6129408
0.0069500 0.5522901 -0.6017630
0.0069750 0.5811775 -0.5806239
0.0070000 0.6021186 -0.5515928
0.0070250 0.6130637 -0.5175113
0.0070500 0.6129414 -0.4817157
0.0070750 0.6017636 -0.4477099
0.0071000 0.5806244 -0.4188225
0.0071250 0.5515933 -0.3978813
0.0071500 0.5175118 -0.3869362
0.0071750 0.4817162 -0.3870586
0.0072000 0.4477103 -0.3982364
0.0072250 0.4188229 -0.4193755
0.0072500 0.3978817 -0.4484067
0.0072750 0.3869366 -0.4824882
0.0073000 0.3870589 -0.5182838
0.0073250 0.3982367 -0.5522897
0.0073500 0.4193758 -0.5811771
0.0073750 0.4484070 -0.6021182
0.0074000 0.4824884 -0.6130634
0.0074250 0.5182841 -0.6129410
0.0074500 0.5522899 -0.6017633
0.0074750 0.5811773 -0.5806242
0.0075000 0.6021185 -0.5515930
0.0075250 0.6130636 -0.5175115
0.0075500 0.6129413 -0.4817159
0.0075750 0.6017635 -0.4477100
0.0076000 0.5806243 -0.4188227
0.0076250 0.5515932 -0.3978815
0.0076500 0.5175117 -0.3869364
0.0076750 0.4817161 -0.3870587
0.0077000 0.4477102 -0.3982365
0.0077250 0.4188228 -0.4193756
0.0077500 0.3978816 -0.4484068
0.0077750 0.3869365 -0.4824883
0.0078000 0.3870588 -0.5182839
0.0078250 0.3982366 -0.5522898
0.0078500 0.4193757 -0.5811771
0.0078750 0.4484069 -0.6021183
0.0079000 0.4824884 -0.6130635
0.0079250 0.5182840 -0.6129411
0.0079500 0.5522899 -0.6017633
0.0079750 0.5811772 -0.5806242
0.0080000 0.6021184 -0.5515931
0.0080250 0.6130635 -0.5175116
0.0080500 0.6129412 -0.4817160
0.0080750 0.6017634 -0.4477101
0.0081000 0.5806243 -0.4188227
0.0081250 0.5515931 -0.3978816
0.0081500 0.5175117 -0.3869364
0.0081750 0.4817160 -0.3870588
0.0082000 0.4477102 -0.3982366
0.0082250 0.4188228 -0.4193757
0.0082500 0.3978816 -0.4484068
0.0082750 0.3869365 -0.4824883
0.0083000 0.3870588 -0.5182839
0.0083250 0.3982366 -0.5522898
0.0083500 0.4193757 -0.5811772
0.0083750 0.4484069 -0.6021184
0.0084000 0.4824883 -0.6130635
0.0084250 0.5182840 -0.6129412
0.0084500 0.5522898 -0.6017634
0.0084750 0.5811772 -0.5806243
0.0085000 0.6021184 -0.5515931
0.0085250 0.6130635 -0.5175116
0.0085500 0.6129412 -0.4817160
0.0085750 0.6017634 -0.4477101
0.0086000 0.5806243 -0.4188228
0.0086250 0.5515931 -0.3978816
0.0086500 0.5175117 -0.3869365
0.0086750 0.4817160 -0.3870588
0.0087000 0.4477102 -0.3982366
0.0087250 0.4188228 -0.4193757
0.0087500 0.3978816 -0.4484068
0.0087750 0.3869365 -0.4824883
0.0088000 0.3870588 -0.5182839
0.0088250 0.3982366 -0.5522898
0.0088500 0.4193757 -0.5811772
0.0088750 0.4484068 -0.6021184
0.0089000 0.4824883 -0.6130635
0.0089250 0.5182839 -0.6129412
0.0089500 0.5522898 -0.6017634
0.0089750 0.5811772 -0.5806243
0.0090000 0.6021184 -0.5515931
0.0090250 0.6130635 -0.5175117
0.0090500 0.6129412 -0.4817160
0.0090750 0.6017634 -0.4477102
0.0091000 0.5806243 -0.4188228
0.0091250 0.5515931 -0.3978816
0.0091500 0.5175117 -0.3869365
0.0091750 0.4817160 -0.3870588
0.0092000 0.4477102 -0.3982366
0.0092250 0.4188228 -0.4193757
0.0092500 0.3978816 -0.4484068
0.0092750 0.3869365 -0.4824883
0.0093000 0.3870588 -0.5182839
0.0093250 0.3982366 -0.5522898
0.0093500 0.4193757 -0.5811772
0.0093750 0.4484068 -0.6021184
0.0094000 0.4824883 -0.6130635
0.0094250 0.5182839 -0.6129412
0.0094500 0.5522898 -0.6017634
0.0094750 0.5811772 -0.5806243
0.0095000 0.6021184 -0.5515931
0.0095250 0.6130635 -0.5175117
0.0095500 0.6129412 -0.4817160
0.0095750 0.6017634 -0.4477102
0.0096000 0.5806243 -0.4188228
0.0096250 0.5515931 -0.3978816
0.0096500 0.5175117 -0.3869365
0.0096750 0.4817161 -0.3870588
0.0097000 0.4477102 -0.3982366
0.0097250 0.4188228 -0.4193757
0.0097500 0.3978816 -0.4484068
0.0097750 0.3869365 -0.4824883
0.0098000 0.3870588 -0.5182839
0.0098250 0.3982366 -0.5522898
0.0098500 0.4193757 -0.5811772
0.0098750 0.4484068 -0.6021184
0.0099000 0.4824883 -0.6130635
0.0099250 0.5182839 -0.6129412
0.0099500 0.5522898 -0.6017634
0.0099750 0.5811772 -0.5806243
0.0100000 0.5021183 -0.5515930
0.0100250 0.4359613 -0.5305152
0.0100500 0.3836324 -0.5139095
0.0100750 0.3449815 -0.4981341
0.0101000 0.3187833 -0.4797292
0.0101250 0.3028441 -0.4557428
0.0101500 0.2942037 -0.4240068
0.0101750 0.2894135 -0.3833373
0.0102000 0.2848629 -0.3336397
0.0102250 0.2771217 -0.2759068
0.0102500 0.2632656 -0.2121115
0.0102750 0.2411534 -0.1450041
0.0103000 0.2096266 -0.0778339
0.0103250 0.1686146 -0.0140221
0.0103500 0.1191329 0.0431809
0.0103750 0.0631763 0.0910219
0.0104000 0.0035157 0.1275218
0.0104250 -0.0565801 0.1516766
0.0104500 -0.1136712 0.1635621
0.0104750 -0.1644895 0.1643330
0.0105000 -0.2062651 0.1561164
0.0105250 -0.2370029 0.1418088
0.0105500 -0.2556836 0.1247983
0.0105750 -0.2623687 0.1086383
0.0106000 -0.2581994 0.0967046
0.0106250 -0.2452894 0.0918693
0.0106500 -0.2265232 0.0962248
0.0106750 -0.2052770 0.1108826
0.0107000 -0.1850930 0.1358692
0.0107250 -0.1693365 0.1701267
0.0107500 -0.1608696 0.2116203
0.0107750 -0.1617751 0.2575411
0.0108000 -0.1731555 0.3045841
0.0108250 -0.1950284 0.3492749
0.0108500 -0.2263279 0.3883131
0.0108750 -0.2650114 0.4188975
0.0109000 -0.3082627 0.4390036
0.0109250 -0.3527696 0.4475843
0.0109500 -0.3950512 0.4446744
0.0109750 -0.4318005 0.4313898
0.0110000 -0.4602105 0.4098203
0.0110250 -0.4782511 0.3828275
0.0110500 -0.4848694 0.3537661
0.0110750 -0.4800952 0.3261577
0.0111000 -0.4650395 0.3033480
0.0111250 -0.4417876 0.2881805
0.0111500 -0.4131964 0.2827204
0.0111750 -0.3826166 0.2880535
0.0112000 -0.3535657 0.3041816
0.0112250 -0.3293855 0.3300234
0.0112500 -0.3129162 0.3635222
0.0112750 -0.3062193 0.4018478
0.0113000 -0.3103775 0.4416755
0.0113250 -0.3253893 0.4795118
0.0113500 -0.3501707 0.5120381
0.0113750 -0.3826621 0.5364362
0.0114000 -0.4200308 0.5506655
0.0114250 -0.4589493 0.5536631
0.0114500 -0.4959219 0.5454492
0.0114750 -0.5276277 0.5271258
0.0115000 -0.5512464 0.5007696
0.0115250 -0.5647351 0.4692293
0.0115500 -0.5670293 0.4358478
0.0115750 -0.5581471 0.4041354
0.0116000 -0.5391888 0.3774267
0.0116250 -0.5122294 0.3585553
0.0116500 -0.4801162 0.3495765
0.0116750 -0.4461903 0.3515668
0.0117000 -0.4139607 0.3645192
0.0117250 -0.3867608 0.3873441
0.0117500 -0.3674227 0.4179768
0.0117750 -0.3580005 0.4535798
0.0118000 -0.3595696 0.4908208
0.0118250 -0.3721218 0.5261999
0.0118500 -0.3945666 0.5563918
0.0118750 -0.4248382 0.5785722
0.0119000 -0.4600981 0.5906947
0.0119250 -0.4970133 0.5916908
0.0119500 -0.5320827 0.5815756
0.0119750 -0.5619804 0.5614459
0.0120000 -0.5838815 0.5333737
0.0120250 -0.5957385 0.5002032
0.0120500 -0.5964824 0.4652730
0.0120750 -0.5861276 0.4320893
0.0121000 -0.5657703 0.4039829
0.0121250 -0.5374818 0.3837837
0.0121500 -0.5041060 0.3735435
0.0121750 -0.4689806 0.3743354
0.0122000 -0.4356115 0.3861493
0.0122250 -0.4073291 0.4078928
0.0122500 -0.3869625 0.4374981
0.0122750 -0.3765633 0.4721250
0.0123000 -0.3772043 0.5084388
0.0123250 -0.3888748 0.5429369
0.0123500 -0.4104819 0.5722919
0.0123750 -0.4399578 0.5936774
0.0124000 -0.4744617 0.6050446
0.0124250 -0.5106586 0.6053232
0.0124500 -0.5450458 0.5945264
0.0124750 -0.5742954 0.5737492
0.0125000 -0.5955807 0.5450618
0.0125250 -0.6068527 0.5113069
0.0125500 -0.6070410 0.4758215
0.0125750 -0.5961582 0.4421103
0.0126000 -0.5752994 0.4135029
0.0126250 -0.5465345 0.3928277
0.0126500 -0.5127060 0.3821353
0.0126750 -0.4771506 0.3824976
0.0127000 -0.4433730 0.3939034
0.0127250 -0.4147025 0.4152592
0.0127500 -0.3939673 0.4444961
0.0127750 -0.3832179 0.4787731
0.0128000 -0.3835261 0.5147545
0.0128250 -0.3948805 0.5489369
0.0128500 -0.4161873 0.5779919
0.0128750 -0.4453779 0.5990924
0.0129000 -0.4796108 0.6101888
0.0129250 -0.5155503 0.6102103
0.0129500 -0.5496929 0.5991691
0.0129750 -0.5787101 0.5781597
0.0130000 -0.5997747 0.5492518
0.0130250 -0.6108370 0.5152874
0.0130500 -0.6108260 0.4796030
0.0130750 -0.5997540 0.4457028
0.0131000 -0.5787154 0.4169157
0.0131250 -0.5497797 0.3960699
0.0131500 -0.5157890 0.3852153
0.0131750 -0.4800795 0.3854237
0.0132000 -0.4461554 0.3966832
0.0132250 -0.4173458 0.4178999
0.0132500 -0.3964784 0.4470048
0.0132750 -0.3856034 0.4811564
0.0133000 -0.3857924 0.5170186
0.0133250 -0.3970334 0.5510878
0.0133500 -0.4182327 0.5800352
0.0133750 -0.4473209 0.6010336
0.0134000 -0.4814567 0.6120330
0.0134250 -0.5173039 0.6119622
0.0134500 -0.5513588 0.6008334
0.0134750 -0.5802927 0.5797408
0.0135000 -0.6012781 0.5507539
0.0135250 -0.6122653 0.5167144
0.0135500 -0.6121829 0.4809586
0.0135750 -0.6010431 0.4469906
0.0136000 -0.5799401 0.4181392
0.0136250 -0.5509431 0.3972322
0.0136500 -0.5168942 0.3863195
0.0136750 -0.4811294 0.3864726
0.0137000 -0.4471529 0.3976797
0.0137250 -0.4182934 0.4188466
0.0137500 -0.3973786 0.4479042
0.0137750 -0.3864586 0.4820108
0.0138000 -0.3866048 0.5178303
0.0138250 -0.3978052 0.5518588
0.0138500 -0.4189659 0.5807678
0.0138750 -0.4480175 0.6017294
0.0139000 -0.4821184 0.6126941
0.0139250 -0.5179325 0.6125902
0.0139500 -0.5519560 0.6014300
0.0139750 -0.5808601 0.5803076
0.0140000 -0.6018171 0.5512923
0.0140250 -0.6127774 0.5172259
0.0140500 -0.6126694 0.4814446
0.0140750 -0.6015052 0.4474523
0.0141000 -0.5803791 0.4185778
0.0141250 -0.5513602 0.3976488
0.0141500 -0.5172904 0.3867153
0.0141750 -0.4815058 0.3868486
0.0142000 -0.4475105 0.3980369
0.0142250 -0.4186331 0.4191859
0.0142500 -0.3977013 0.4482266
0.0142750 -0.3867652 0.4823170
0.0143000 -0.3868960 0.5181212
0.0143250 -0.3980819 0.5521352
0.0143500 -0.4192287 0.5810303
0.0143750 -0.4482672 0.6019789
0.0144000 -0.4823556 0.6129310
0.0144250 -0.5181579 0.6128154
0.0144500 -0.5521701 0.6016439
0.0144750 -0.5810634 0.5805108
0.0145000 -0.6020103 0.5514854
0.0145250 -0.6129609 0.5174093
0.0145500 -0.6128438 0.4816188
0.0145750 -0.6016709 0.4476178
0.0146000 -0.5805365 0.4187350
0.0146250 -0.5515097 0.3977982
0.0146500 -0.5174324 0.3868572
0.0146750 -0.4816408 0.3869834
0.0147000 -0.4476387 0.3981649
0.0147250 -0.4187548 0.4193076
0.0147500 -0.3978170 0.4483421
0.0147750 -0.3868751 0.4824268
0.0148000 -0.3870004 0.5182255
0.0148250 -0.3981811 0.5522343
0.0148500 -0.4193229 0.5811245
0.0148750 -0.4483567 0.6020683
0.0149000 -0.4824406 0.6130160
0.0149250 -0.5182386 0.6128961
0.0149500 -0.5522468 0.6017206
0.0149750 -0.5811363 0.5805837
